ID,Timestamp,Area (mm²),Cumul. Area (mm²),Reset Cumul.
OV1A,02/04/2024 9:28:50 AM,47.58,47.58,0
OV1B,02/04/2024 9:30:36 AM,77.93,125.51,0
OV1C,02/04/2024 9:32:15 AM,84.08,209.59,0
OV2A,02/04/2024 9:34:46 AM,54.06,263.65,0
OV2B,02/04/2024 9:37:19 AM,64.36,328.01,0
OV2C,02/04/2024 9:39:13 AM,74.50,402.51,0
OV3A,02/04/2024 9:41:09 AM,49.03,451.54,0
OV3B,02/04/2024 9:42:21 AM,48.29,499.83,0
OV3C,02/04/2024 9:43:50 AM,43.67,543.50,0
OV4A,02/04/2024 9:45:23 AM,24.27,567.77,0
OV4B,02/04/2024 9:47:28 AM,28.26,596.03,0
OV4C,02/04/2024 9:48:50 AM,45.97,642.00,0
OV5A,02/04/2024 9:54:23 AM,42.33,684.33,0
OV5B,02/04/2024 9:55:29 AM,53.57,737.90,0
OV5C,02/04/2024 9:56:34 AM,47.99,785.89,0
OV6A,02/04/2024 9:57:32 AM,50.22,836.11,0
OV6B,02/04/2024 9:58:32 AM,71.37,907.48,0
OV6C,02/04/2024 9:59:33 AM,78.19,985.67,0
OV7A,02/04/2024 10:01:41 AM,58.22,1,043.89,0
OV7B,02/04/2024 10:03:06 AM,49.19,1,093.08,0
OV7C,02/04/2024 10:04:10 AM,78.62,1,171.70,0
OV8A,02/04/2024 10:08:08 AM,24.70,1,196.40,0
OV8B,02/04/2024 10:09:13 AM,33.86,1,230.26,0
OV8C,02/04/2024 10:10:18 AM,41.93,1,272.19,0
OV9A,02/04/2024 10:15:06 AM,55.31,1,327.50,0
OV9B,02/04/2024 10:16:14 AM,63.24,1,390.74,0
OV9C,02/04/2024 10:18:17 AM,41.37,1,432.11,0
OV10A,02/04/2024 10:20:47 AM,47.37,1,479.48,0
OV10B,02/04/2024 10:21:48 AM,39.73,1,519.21,0
OV10C,02/04/2024 10:22:45 AM,25.69,1,544.90,0
OV11A,02/04/2024 10:25:24 AM,50.18,1,595.08,0
OV11B,02/04/2024 10:26:45 AM,58.58,1,653.66,0
OV11C,02/04/2024 10:28:03 AM,57.29,1,710.95,0
OV12A,02/04/2024 10:30:40 AM,34.78,1,745.73,0
OV12B,02/04/2024 10:32:04 AM,52.70,1,798.43,0
OV12C,02/04/2024 10:33:54 AM,47.81,1,846.24,0
OV13A,02/04/2024 10:42:02 AM,30.55,1,876.79,0
OV13B,02/04/2024 10:43:13 AM,29.37,1,906.16,0
OV13C,02/04/2024 10:44:12 AM,29.27,1,935.43,0
OV14A,02/04/2024 10:51:14 AM,28.77,1,964.20,0
OV14B,02/04/2024 10:52:26 AM,35.57,1,999.77,0
OV14C,02/04/2024 10:53:20 AM,37.39,2,037.16,0
OV15A,02/04/2024 10:54:24 AM,60.22,2,097.38,0
OV15B,02/04/2024 10:55:20 AM,68.92,2,166.30,0
OV15C,02/04/2024 10:56:13 AM,57.24,2,223.54,0
OV16A,02/04/2024 11:04:28 AM,27.33,2,250.87,0
OV16B,02/04/2024 11:05:25 AM,51.09,2,301.96,0
OV16C,02/04/2024 11:06:15 AM,42.01,2,343.97,0
OV17A,02/04/2024 11:07:12 AM,31.48,2,375.45,0
OV17B,02/04/2024 11:08:19 AM,54.89,2,430.34,0
OV17C,02/04/2024 11:09:08 AM,39.96,2,470.30,0
OV18A,02/04/2024 11:10:04 AM,44.38,2,514.68,0
OV18B,02/04/2024 11:10:57 AM,49.67,2,564.35,0
OV18C,02/04/2024 11:12:02 AM,48.42,2,612.77,0
OV19A,02/04/2024 11:12:55 AM,46.10,2,658.87,0
OV19B,02/04/2024 11:14:07 AM,17.85,2,676.72,0
OV19C,02/04/2024 11:15:08 AM,18.55,2,695.27,0
OV20A,02/04/2024 11:16:16 AM,43.68,2,738.95,0
OV20B,02/04/2024 11:17:18 AM,54.45,2,793.40,0
OV20C,02/04/2024 11:18:17 AM,66.79,2,860.19,0
OV21A,02/04/2024 11:27:58 AM,35.77,2,895.96,0
OV21B,02/04/2024 11:28:52 AM,31.56,2,927.52,0
OV21C,02/04/2024 11:29:44 AM,43.09,2,970.61,0
OV22A,02/04/2024 11:30:36 AM,34.63,3,005.24,0
OV22B,02/04/2024 11:31:23 AM,30.08,3,035.32,0
OV22C,02/04/2024 11:32:12 AM,41.35,3,076.67,0
OV23A,02/04/2024 11:33:17 AM,60.79,3,137.46,0
OV23B,02/04/2024 11:34:07 AM,56.04,3,193.50,0
OV23C,02/04/2024 11:35:10 AM,59.72,3,253.22,0
OV24A,02/04/2024 11:36:05 AM,67.57,3,320.79,0
OV24B,02/04/2024 11:36:52 AM,55.05,3,375.84,0
OV24C,02/04/2024 11:37:44 AM,51.64,3,427.48,0
OV25A,02/04/2024 11:38:42 AM,50.59,3,478.07,0
OV25B,02/04/2024 11:39:30 AM,39.92,3,517.99,0
OV25C,02/04/2024 11:40:20 AM,38.95,3,556.94,0
OV26A,02/04/2024 11:50:13 AM,90.23,3,647.17,0
OV26B,02/04/2024 11:51:06 AM,97.13,3,744.30,0
OV26C,02/04/2024 11:52:06 AM,39.94,3,784.24,0
OV27A,02/04/2024 11:52:54 AM,37.60,3,821.84,0
OV27B,02/04/2024 11:53:37 AM,48.24,3,870.08,0
OV27C,02/04/2024 11:54:19 AM,37.00,3,907.08,0
OV28A,02/04/2024 11:55:02 AM,39.20,3,946.28,0
OV28B,02/04/2024 11:55:44 AM,33.76,3,980.04,0
OV28C,02/04/2024 11:56:45 AM,43.19,4,023.23,0
OV29A,02/04/2024 11:57:30 AM,31.45,4,054.68,0
OV29B,02/04/2024 11:58:17 AM,31.35,4,086.03,0
OV29C,02/04/2024 11:58:58 AM,37.83,4,123.86,0
OV30A,02/04/2024 12:00:13 PM,32.12,4,155.98,0
OV30B,02/04/2024 12:01:05 PM,28.72,4,184.70,0
OV30C,02/04/2024 12:01:46 PM,33.42,4,218.12,0
